3.720153036508399680e+01
3.725453909779997019e+01
3.728813493203741558e+01
3.742839435039439877e+01
3.747890279504005662e+01
3.739015249835644283e+01
3.728763504891944081e+01
3.714887885723660332e+01
3.668408835756142850e+01
3.657586708491433569e+01
3.656477823320588527e+01
3.660921684237747087e+01
3.666951532620137755e+01
3.669285430453624741e+01
3.665193081973821165e+01
3.654762878993233244e+01
3.643594590589636084e+01
3.636737829494089880e+01
3.617460541384551931e+01
3.595279551165849341e+01
3.580854700630730747e+01
3.575559610382010334e+01
3.577141146404950689e+01
3.581287380804759124e+01
3.582123104808808733e+01
3.578278013560053239e+01
3.572128837640825338e+01
3.564923124974845337e+01
3.549103867630884679e+01
3.523796048225501210e+01
3.503222249945564215e+01
3.494502379572155348e+01
3.493968297111739929e+01
3.496150539262495727e+01
3.498143723083104106e+01
3.498530920697449886e+01
3.497160875290752813e+01
3.489500048919029496e+01
3.473175119093401264e+01
3.451279686615333020e+01
3.427867867092963650e+01
3.413402071707213281e+01
3.408695675639322786e+01
3.408724631133259919e+01
3.410629642158672681e+01
3.412746212717227934e+01
3.413339209724279755e+01
3.404929451326461987e+01
3.385446461525202722e+01
3.363925252894990336e+01
